1 682671 926668
1 473356 717389
1 455261 699391
1 1194821 1438964
1 859644 1103823
1 674882 919122
1 1072979 1317355
1 424673 669144
1 788611 1033115
1 1306727 1551276
1 865782 1110351
1 319220 563863
1 1066018 1310669
1 1065951 1310660
1 1064996 1309899
1 1320501 1565422
1 985213 1230158
1 1321773 1566749
1 443726 688756
1 462251 707401
1 1313223 1558380
1 1283552 1528723
1 763401 1008703
1 1313016 1558374
1 856976 1102342
1 977343 1222838
1 1307629 1553161
1 568984 814538
1 1192091 1437669
1 841355 1087108
1 1056596 1302404
1 969275 1215093
1 1282266 1528176
1 654909 900848
1 1319762 1565727
1 441485 687475
1 1320051 1566053
1 1241092 1487202
1 1261239 1507366
1 1281534 1527965
1 558175 804769
1 1268453 1515105
1 1250777 1497459
1 751976 998673
1 751780 998541
1 974026 1220938
1 1203904 1451002
1 1314011 1561329
1 556324 803683
1 1312897 1560363
1 1273754 1521361
1 1313672 1561284
1 1313523 1561199
1 1202494 1450296
1 741791 989650
1 1037714 1285603
1 538480 786570
1 732262 980459
1 1201043 1449496
1 529531 778011
1 1291526 1540514
1 1023397 1272521
1 624112 873460
1 1097627 1347207
1 304894 554512
1 1243314 1493068
1 1312820 1562627
1 1269076 1518891
1 1307584 1557519
1 896315 1146291
1 1280677 1530837
1 887218 1137668
1 621161 871664
1 1312069 1562579
1 1252293 1502822
1 604434 855005
1 507313 757894
1 1314767 1565523
1 1241341 1492164
1 1300544 1551505
1 1003613 1254613
1 1003382 1254454
1 1251299 1502405
1 1300194 1551480
1 1266929 1518229
1 1297412 1548745
1 876246 1127704
1 876009 1127585
1 496526 748175
1 601736 853425
1 385134 637068
1 1001446 1253420
1 592956 845014
1 1296474 1548550
1 684508 936708
1 592360 844714
1 1276464 1528864
1 1290201 1542626
1 599164 851855
1 774635 1027436
1 1298088 1551009
1 992320 1245262
1 1203501 1456514
1 1314801 1567846
1 858335 1111559
1 406071 659476
1 405955 659387
1 1234154 1487596
1 1297407 1550859
1 1116786 1370519
1 474711 728481
1 465135 718963
1 465088 718923
1 581020 834926
1 764167 1018077
1 392031 645941
1 1115368 1369502
1 455145 709442
1 402492 656981
1 664570 919079
1 769969 1024615
1 561519 816213
1 570394 825111
1 671327 926105
1 1282716 1537529
1 753547 1008542
1 839379 1094493
1 654860 910110
1 1228183 1483507
1 1306658 1562103
1 950561 1206345
1 964958 1221008
1 1105214 1361298
1 1174684 1430902
1 1298038 1554332
1 635490 892214
1 643438 900189
1 1289558 1546736
1 931056 1188501
1 1220388 1478335
1 929469 1187525
1 1300593 1558694
1 714534 972673
1 1161133 1419392
1 1219836 1478140
1 1132473 1390797
1 1083107 1341471
1 1284687 1543058
1 705762 964244
1 721551 980066
1 1082061 1340652
1 1307095 1565810
1 1280940 1539822
1 803104 1062152
1 1184727 1443852
1 1299470 1558652
1 1275551 1534871
1 518189 777538
1 809075 1068547
1 710827 970374
1 1003299 1262854
1 1003230 1262786
1 614105 873689
1 710662 970306
1 995705 1255389
1 1079324 1339033
1 902763 1162476
1 379690 639446
1 1183703 1443509
1 1299901 1559724
1 808099 1067967
1 1183120 1443233
1 1152419 1412535
1 1306334 1566458
1 305182 565327
1 1306848 1567027
1 701310 961570
1 1250084 1510388
1 612440 872841
1 1273671 1534203
1 603701 864340
1 1240659 1501353
1 1306262 1566997
1 1267461 1528453
1 693110 954134
1 1306388 1567475
1 978244 1239521
1 1049345 1310888
1 1194846 1456447
1 789266 1050983
1 608945 870680
1 1283173 1544991
1 1304520 1566692
1 1053920 1316307
1 598451 861028
1 1290337 1552924
1 1040453 1303060
1 1234209 1497189
1 672948 935935
1 1234210 1497207
1 665390 928515
1 1105636 1368792
1 1304685 1567984
1 769939 1033450
1 571726 835600
1 663490 927399
1 1257438 1521364
1 965549 1229623
1 464803 728953
1 1030036 1294297
1 1218707 1482973
1 454368 718818
1 1276032 1540490
1 454339 718805
1 1249488 1514078
1 744037 1008747
1 759208 1024076
1 759152 1024048
1 759219 1024140
1 1240883 1505893
1 1260498 1525543
1 1298746 1563864
1 1299839 1565038
1 1184285 1449515
1 1020520 1285832
1 828299 1093659
1 1216604 1481971
1 939216 1204959
1 411462 677267
1 732870 998762
1 1253098 1519015
1 634847 901087
1 1244830 1511295
1 1011975 1278487
1 1244719 1511277
1 1284845 1551535
1 906930 1173637
1 1225484 1492230
1 817390 1084474
1 1004569 1271753
1 546224 813481
1 722330 989641
1 632280 899613
1 912243 1179637
1 537586 805188
1 295533 563164
1 1234107 1501879
1 1071148 1339082
1 337962 605941
1 878126 1146311
1 1063625 1331988
1 868978 1137453
1 1276685 1545252
1 695583 964185
1 1241720 1510344
1 986339 1255118
1 368403 637401
1 619932 888933
1 979087 1248288
1 367319 636620
1 1281536 1550897
1 992010 1261425
1 508808 778332
1 1228817 1498400
1 783717 1053323
1 1107625 1377348
1 1228542 1498298
1 858574 1128521
1 603945 873897
1 1202467 1472574
1 379394 649582
1 857630 1127951
1 1227604 1498055
1 968625 1239302
1 1296734 1567416
1 608832 879603
1 1099325 1370148
1 682701 953773
1 772654 1043961
1 772457 1043854
1 591844 863466
1 599665 871289
1 958038 1230246
1 1029738 1302054
1 1178669 1450993
1 385087 657421
1 467052 739732
1 1209923 1482619
1 1209800 1482557
1 941564 1214548
1 465908 739092
1 1252256 1525537
1 1087796 1361137
1 933769 1207139
1 1275762 1549146
1 836374 1109880
1 1288396 1561943
1 654287 927835
1 661162 934957
1 391889 666040
1 1281599 1555761
1 931654 1205833
1 1281486 1555751
1 742118 1016425
1 444676 719309
1 741371 1016031
1 812110 1086877
1 1072562 1347344
1 1288241 1563219
1 921666 1196652
1 643632 918672
1 929095 1204154
1 1249057 1524585
1 1216070 1491747
1 1234822 1510662
1 802348 1078347
1 1001683 1277753
1 1200927 1477053
1 1049904 1326351
1 1282963 1559636
1 800719 1077422
1 1142187 1418950
1 1141556 1418560
1 793537 1070581
1 799645 1076821
1 869249 1146499
1 630492 907800
1 1105984 1383358
1 1280803 1558293
1 893492 1171075
1 867584 1145367
1 860130 1137950
1 710869 988694
1 1274984 1552885
1 885248 1163179
1 1046284 1324234
1 859492 1137525
1 620430 898631
1 783694 1061984
1 790778 1069075
1 1288636 1566955
1 1259319 1537696
1 685840 964254
1 1280856 1559388
1 883751 1162300
1 1275999 1554638
1 789305 1068170
1 692316 971183
1 856967 1136114
1 1258119 1537302
1 1207549 1486752
1 524195 803538
1 1276781 1556128
1 609755 889122
1 1227683 1507059
1 1264925 1544362
1 1283974 1563418
1 966507 1246139
1 1288422 1568279
1 1226722 1506651
1 958294 1238439
1 1234145 1514295
1 1083357 1363544
1 1273999 1554257
1 771560 1051849
1 1225920 1506217
1 593491 873912
1 1152607 1433087
1 763832 1044522
1 1259406 1540392
1 1186859 1467856
1 1282666 1563841
1 672362 953698
1 830560 1111949
1 948294 1229829
1 940721 1222299
1 1200436 1482077
1 1275456 1557391
1 1236646 1518916
1 589060 871406
1 1210426 1493011
1 1228677 1511303
1 1004566 1287226
1 1010923 1293653
1 1265993 1548753
1 820377 1103285
1 1265612 1548700
1 1063689 1347078
1 733681 1017105
1 1063664 1347114
1 1057119 1340978
1 1106646 1390543
1 1275685 1559652
1 1000915 1284971
1 1276433 1560587
1 1277299 1561463
1 740030 1024210
1 1106045 1390253
1 462473 746793
1 817188 1101510
1 1055607 1340007
1 911228 1195764
1 903951 1188557
1 1283709 1568358
1 566954 851620
1 1266096 1550885
1 1282510 1567465
1 333703 618722
1 443514 728745
1 1269304 1554733
1 1256648 1542143
1 978033 1263912
1 420047 706337
1 860547 1147048
1 876760 1163319
1 860382 1146957
1 783905 1070515
1 1276189 1562809
1 362277 649374
1 1210750 1497898
1 1273020 1560239
1 702414 989690
1 1083194 1370681
1 1277121 1565060
1 958824 1246876
1 780357 1068420
1 1075705 1363969
1 1122573 1410875
1 683729 972091
1 602560 890925
1 855469 1144083
1 337223 626051
1 370523 659390
1 1073106 1362240
1 942965 1232130
1 763115 1052590
1 1178323 1467835
1 1272958 1562545
1 1267790 1557420
1 1259395 1549111
1 1274464 1564425
1 1235103 1525269
1 1011690 1301934
1 932985 1223332
1 753286 1043984
1 590020 880795
1 1158387 1449365
1 1201400 1492461
1 1274679 1565785
1 820881 1112029
1 820611 1111810
1 1251448 1542839
1 1106193 1397652
1 327099 618678
1 735442 1027049
1 1276016 1567840
1 1266536 1558395
1 1048872 1341191
1 817673 1110207
1 1152472 1445037
1 1209106 1501798
1 897814 1190545
1 395510 688770
1 1167925 1461210
1 1274322 1567640
1 1235199 1528627
1 1234839 1528363
1 984480 1278117
1 1125147 1419060
1 983638 1277696
1 393280 687342
1 893861 1188091
1 1166066 1460502
1 885639 1180470
1 1192540 1487582
1 704473 999585
1 1147620 1442826
1 711289 1006839
1 1143668 1439246
1 875274 1171004
1 703139 998937
1 850965 1147065
1 694963 991121
1 1268354 1564596
1 694536 990848
1 1019989 1316830
1 536669 833603
1 1234035 1531239
1 684442 981811
1 1012563 1310130
1 1258186 1555780
1 1266827 1564448
1 846632 1144278
1 603018 900688
1 1139670 1437439
1 1260842 1558707
1 1184374 1482326
1 602080 900138
1 1003581 1302214
1 1194477 1493303
1 995564 1295092
1 1126407 1426217
1 1224236 1524294
1 1260534 1560599
1 992652 1293220
1 1258593 1559546
1 1160795 1462061
1 1259147 1560530
1 1215806 1517386
1 1225955 1528091
1 1265444 1568136
1 1184981 1487946
1 1028642 1331943
1 1259473 1563357
1 1138643 1442778
1 966362 1270586
1 1242491 1546861
1 1192737 1497226
1 1064657 1369457
1 1149882 1455225
1 1208468 1514026
1 948314 1253896
1 1005579 1311296
1 1260011 1566155
1 1098478 1404823
1 1175952 1482370
1 1250888 1557338
1 1228370 1535129
1 996377 1303279
1 1260074 1567039
1 1259841 1567033
1 1124677 1432285
1 994231 1301988
1 1046256 1354287
1 1045430 1353710
1 1117520 1425946
1 1194040 1502546
1 1259261 1568142
1 978822 1287757
1 1241938 1550961
1 1258770 1567816
1 984720 1293774
1 1114090 1424091
1 1242446 1552863
1 968827 1279603
1 1243699 1554674
1 1233480 1544611
1 1244886 1556150
1 1233260 1544627
1 1148327 1460625
1 1185233 1497638
1 951936 1264517
1 1251855 1564561
1 1241393 1554235
1 1218651 1531644
1 942868 1256063
1 1056633 1369844
1 1242654 1555900
1 1217896 1531367
1 941770 1255344
1 1252880 1566510
1 1235056 1549068
1 1248997 1563225
1 996603 1311173
1 932975 1247556
1 931906 1246860
1 1251154 1566482
1 1251865 1567481
1 1152059 1467702
1 1209167 1524829
1 1116885 1432614
1 993662 1309424
1 1038994 1355060
1 1176823 1492943
1 1186366 1502841
1 1114474 1431034
1 1075601 1392323
1 1242488 1559556
1 1193553 1510759
1 1220603 1538053
1 1250852 1568440
1 1020329 1339768
1 1092034 1412466
1 1233712 1554269
1 1236581 1557543
1 1010725 1331960
1 1192554 1514346
1 1227211 1549172
1 1047358 1369367
1 1134527 1456551
1 1233621 1555722
1 1083214 1405963
1 1243164 1566139
1 1186970 1511292
1 921421 1245904
1 1228639 1553195
1 1194008 1518577
1 979194 1303838
1 1241182 1566065
1 1065795 1391490
1 1236229 1562135
1 1228401 1554708
1 1014645 1341816
1 1219207 1547103
1 1003513 1332632
1 1192084 1521473
1 1157397 1487077
1 1216661 1546672
1 1108818 1438869
1 1218897 1549166
1 1235132 1565510
1 1141190 1472136
1 923247 1255087
1 1072250 1404364
1 1186329 1518763
1 1235225 1567664
1 1027994 1361275
1 911028 1245188
1 1013904 1348738
1 1156831 1491679
1 1219503 1554680
1 1054861 1390120
1 1228498 1563910
1 1087708 1423577
1 1201580 1537450
1 1226662 1562721
1 1186137 1522267
1 1003691 1340414
1 1203183 1540598
1 1219774 1557537
1 1038215 1376542
1 1100469 1438935
1 934092 1272837
1 1157496 1496751
1 937990 1277348
1 985446 1324888
1 1178292 1518870
1 1227080 1568024
1 920561 1261642
1 1200882 1542445
1 1219814 1561437
1 968562 1310678
1 1186774 1528908
1 1055153 1397582
1 1217495 1560391
1 965931 1309314
1 958492 1302140
1 1038285 1383513
1 1191767 1537204
1 1191392 1537150
1 1194830 1540617
1 1152105 1498224
1 1096417 1442796
1 1202622 1549188
1 1167527 1514359
1 1218160 1564998
1 1184141 1531256
1 915626 1264213
1 1203712 1553227
1 912804 1262451
1 1216964 1566976
1 1192397 1542469
1 1218026 1568506
1 1166857 1517919
1 902188 1253335
1 895073 1246579
1 894042 1245981
1 1175984 1528129
1 1170034 1522353
1 1202093 1554544
1 1159967 1514874
1 978829 1334195
1 1117344 1472939
1 969798 1326497
1 974178 1331537
1 1147781 1505663
1 1203487 1561457
1 905720 1263866
1 1010753 1368915
1 1073092 1431470
1 1208267 1566961
1 896245 1255358
1 1201815 1561272
1 1143445 1502978
1 1001822 1361617
1 1063257 1424031
1 1114829 1476988
1 1203301 1565552
1 1203799 1566765
1 1092286 1456558
1 1073485 1437990
1 1012029 1376786
1 1203674 1568512
1 913404 1278510
1 1010804 1376325
1 1185556 1551373
1 1202330 1568309
1 959521 1325779
1 903820 1270750
1 1177846 1545206
1 895060 1262980
1 888300 1256292
1 993904 1362107
1 1123074 1492296
1 1096500 1465821
1 1192324 1562633
1 975151 1347180
1 1158585 1531272
1 1195067 1568315
1 1193231 1566736
1 1031806 1405886
1 958535 1332717
1 1185418 1559633
1 1193174 1567658
1 1139363 1513981
1 994924 1369859
1 950264 1325339
1 896419 1271893
1 1169690 1545266
1 993037 1368881
1 1184771 1561278
1 1115811 1492694
1 876976 1254522
1 1178168 1556114
1 1006013 1385384
1 1185330 1565450
1 1141633 1522004
1 1177907 1558669
1 1165604 1546517
1 951458 1333868
1 1186029 1568654
1 1185266 1568148
1 991959 1375573
1 892536 1277442
1 930704 1317161
1 1168516 1555964
1 865545 1253434
1 1177203 1565529
1 857802 1246484
1 1126180 1515260
1 994750 1383851
1 905787 1295275
1 1170231 1559748
1 903711 1293976
1 895194 1286428
1 1176215 1567834
1 941359 1333345
1 1159095 1551087
1 983107 1375559
1 1169940 1563440
1 884183 1277972
1 973766 1368310
1 995924 1391664
1 965821 1361828
1 964860 1361162
1 1169913 1566500
1 857723 1254435
1 987327 1384808
1 1140317 1540058
1 1165852 1566047
1 892464 1292908
1 1053949 1454408
1 976159 1376721
1 1130111 1530766
1 967473 1369701
1 1001422 1403939
1 915884 1318994
