0 5942 44961
0 7464 46651
0 9236 48687
0 672 40438
0 481 40783
0 1527 41843
0 173 40517
0 7485 48018
0 1964 43040
0 193 42163
0 7396 49987
0 5538 48617
0 1183 44721
0 295 43842
0 1152 45244
0 989 56633
0 406 57059
0 407 59281
0 2275 67786
0 905 67756
0 408 68905
0 1 inf
1 21956 84423
1 21419 90463
1 22027 140097
1 24363 222220
1 23900 222443
1 22838 221597
2 288869 inf
2 288867 inf
2 288865 inf
2 41763 inf
2 41596 inf
2 41505 inf
2 41493 inf
2 41487 inf
2 41474 inf
2 41214 inf
2 41192 inf
2 41031 inf
2 40891 inf
2 40847 inf
2 40708 inf
2 40635 inf
2 40444 inf
2 40109 inf
2 39917 inf
2 39787 inf
2 39736 inf
2 39727 inf
2 39710 inf
2 39707 inf
2 39556 inf
2 39534 inf
2 39395 inf
2 39361 inf
2 39302 inf
2 39208 inf
2 39206 inf
2 39149 inf
2 39067 inf
2 38933 inf
2 38920 inf
2 38726 inf
2 38724 inf
2 38709 inf
2 38617 inf
2 38495 inf
2 38341 inf
2 37931 inf
2 37867 inf
2 37741 inf
2 37646 inf
2 37546 inf
2 37365 inf
2 37131 inf
2 36991 inf
2 36838 inf
2 36509 inf
2 36184 inf
2 36157 inf
2 36109 inf
2 36014 inf
2 35957 inf
2 35799 inf
2 35775 inf
2 35688 inf
2 35627 inf
2 35412 inf
2 35208 inf
2 35097 inf
2 34978 inf
2 34863 inf
2 34752 inf
2 34682 inf
2 34680 inf
2 34241 inf
2 34050 inf
2 33333 inf
2 33307 inf
2 33171 inf
2 32165 inf
2 31851 inf
2 31483 inf
2 31405 inf
2 31278 inf
2 31160 inf
2 30764 inf
2 29679 inf
2 29399 inf
2 29297 inf
2 29172 inf
2 29015 inf
2 28997 inf
2 28963 inf
2 28545 inf
2 28167 inf
2 28082 inf
2 27540 inf
2 27392 inf
2 27184 inf
2 26746 inf
2 26393 inf
2 26366 inf
2 26360 inf
2 25892 inf
2 25195 inf
2 24490 inf
2 24231 inf
2 23991 inf
2 23797 inf
2 23657 inf
2 23416 inf
2 22921 inf
2 22682 inf
2 21456 inf
2 20962 inf
2 19910 inf
2 19713 inf
2 19416 inf
2 19338 inf
2 18906 inf
2 18559 inf
2 18484 inf
2 18019 inf
2 16869 inf
2 16409 inf
2 16178 inf
2 15565 inf
2 13287 inf
2 13095 inf
2 11780 inf
2 11748 inf
2 11743 inf
2 11733 inf
2 11715 inf
2 11711 inf
2 11707 inf
2 11704 inf
2 11696 inf
2 11691 inf
2 11683 inf
2 11648 inf
2 11630 inf
2 11620 inf
2 11604 inf
2 11572 inf
2 11570 inf
2 11566 inf
2 11559 inf
2 11549 inf
2 11537 inf
2 11534 inf
2 11519 inf
2 11513 inf
2 11509 inf
2 11486 inf
2 11464 inf
2 11451 inf
2 11446 inf
2 11441 inf
2 11432 inf
2 11421 inf
2 11400 inf
2 11394 inf
2 11330 inf
2 11323 inf
2 11317 inf
2 11315 inf
2 11312 inf
2 11301 inf
2 11293 inf
2 11265 inf
2 11263 inf
2 11261 inf
2 11259 inf
2 11255 inf
2 11241 inf
2 11235 inf
2 11228 inf
2 11226 inf
2 11220 inf
2 11211 inf
2 11194 inf
2 11186 inf
2 11150 inf
2 11146 inf
2 11140 inf
2 11131 inf
2 11127 inf
2 11119 inf
2 11115 inf
2 11112 inf
2 11107 inf
2 11091 inf
